1.372980	-1.189017
0.706607	-0.190385
-2.001169	-4.831701
-2.634431	-7.399565
0.535292	0.506690
-4.814382	-25.298614
3.000607	-8.085255
-1.153150	-1.034858
-3.574660	-12.411390
-2.305319	-5.071241
-2.338552	-7.819213
-2.827845	-9.058831
1.653093	-0.505942
-0.035480	0.688663
2.233861	-5.209674
3.376818	-11.115551
-0.812717	-0.552958
-3.645233	-14.798214
1.517795	-1.338373
3.660013	-12.279332
-3.281394	-11.047923
0.955805	0.128410
0.825532	-0.010361
-0.465346	-0.096366
3.089167	-9.561200
2.019806	-4.032286
1.172104	-1.198759
4.719089	-20.276013
2.078867	-3.843653
0.520407	0.331857
3.981142	-15.179780
-0.696893	-2.102677
3.156840	-10.401595
3.062888	-7.039224
-4.227172	-18.657093
1.560273	-3.873180
0.328455	-0.866752
-3.129655	-11.021935
3.833165	-13.256304
-0.672419	-1.218887
-3.224733	-10.224184
2.984440	-7.329606
-4.713981	-22.201634
-3.244961	-10.830589
-0.891911	-2.414199
-0.241571	0.320295
-1.360975	-2.507865
-3.746795	-15.719844
-2.165763	-4.886986
4.956316	-22.763003
0.411768	-1.885354
-0.889366	-2.110845
4.216867	-16.072800
-1.529140	-3.196421
3.934642	-15.379640
-1.693871	-2.853121
4.973002	-20.840901
-1.729049	-2.338864
4.695025	-20.581506
3.897693	-14.995221
-1.694021	-2.913434
-4.533348	-21.179277
-0.499219	-2.925809
-4.027994	-17.529863
-4.389563	-21.083270
3.214345	-8.704905
4.820703	-24.141151
-1.024581	-0.602757
0.597508	-0.969437
3.628545	-13.689496
-1.712652	-3.828292
4.842620	-22.542969
-1.121547	-0.876632
-2.789616	-6.563484
-3.858605	-15.965550
-3.295073	-12.218290
4.601712	-20.160448
-3.254472	-9.652944
-1.189712	-1.489236
-2.161377	-2.571485
-3.440903	-13.316177
-3.204982	-10.869960
1.601803	-2.450510
1.786414	-2.725559
1.776355	-3.436073
0.017025	0.028820
0.086608	-0.746678
-0.929322	-1.758506
-0.355624	0.363031
0.912039	-1.507076
4.474100	-19.071146
1.519830	-1.100415
4.935632	-24.217137
-0.863348	-0.075936
-3.551535	-11.256018
-0.342251	1.157986
4.480566	-18.353655
-3.092209	-9.798570
-0.507880	-1.130782
4.030841	-16.643752
1.136961	-1.941201
-0.438842	-0.306351
-0.957094	-1.548976
2.653650	-7.585093
2.036060	-5.629238
-4.362015	-19.183632
-0.405420	-0.010072
-0.286622	1.581769
0.083493	0.768372
4.839033	-22.303672
-1.788289	-3.162890
-0.757282	0.384634
2.058544	-1.713023
-1.291169	-4.042731
-0.524231	-0.698183
-1.021874	-0.690087
1.080799	-0.949597
3.082058	-8.733252
1.456912	-2.242987
3.037029	-8.821461
4.518900	-20.504981
-0.194184	-0.795058
0.115286	-0.875937
4.950238	-24.715659
-3.864105	-14.686144
-3.162735	-8.543689
2.632076	-6.224053
2.224588	-4.302742
-4.732087	-21.835904
0.127818	0.658496
2.942417	-7.387026
2.644447	-5.945748
-4.963465	-26.609864
-3.770980	-14.147216
-0.663324	-0.304200
0.927179	0.102468
0.717407	-0.118938
3.847793	-14.315326
-1.955883	-6.679874
-1.551817	-1.299203
-3.993276	-16.778711
0.552394	0.000007
3.202631	-8.717017
2.803940	-5.561516
-0.960824	-2.088502
0.855538	-0.172426
4.546895	-20.051037
-1.071115	-0.105478
-3.364235	-12.915698
0.556350	-0.468535
4.970169	-24.028510
0.042333	1.406129
2.872377	-8.474045
-0.595987	-1.223743
-2.304795	-6.592145
-4.410184	-19.600953
-2.265414	-5.904588
4.799312	-21.300100
2.794092	-9.030584
-2.164777	-4.765673
2.045606	-2.111267
-4.735938	-24.511149
-4.369898	-18.781522
-2.809333	-8.668261
2.952063	-7.150959
0.382599	-0.604136
-0.596815	0.848972
-1.261597	-2.726733
2.472952	-4.110802
1.294415	-0.725087
3.256331	-10.325176
3.790577	-12.829306
4.808611	-21.390162
-3.138990	-11.784961
-4.740576	-24.630823
0.780307	-0.036771
-0.319254	-0.058669
4.820847	-20.259604
4.893632	-22.193532
2.426137	-4.156703
-0.841704	-0.365769
-3.256360	-10.885662
0.872939	-2.013292
4.277811	-16.124536
4.841521	-22.562618
-0.306531	0.655755
1.746066	-2.942718
-3.808352	-14.628149
1.632884	-2.762645
2.620608	-8.107949
2.161053	-4.837616
0.694448	-0.556740
-1.696258	-2.516922
-3.602501	-11.910891
0.760082	-1.359952
-1.060630	-1.876229
-3.342346	-10.590661
-4.159333	-18.196345
-1.271871	-0.621437
-0.190937	-0.102038
-3.692463	-13.138889
1.038947	-1.005654
1.128113	-0.803970
-2.427071	-5.278052
0.942229	0.010868
2.591173	-5.599431
2.035518	-2.851427
3.017941	-9.344217
-0.106966	-0.260856
4.320994	-17.470112
2.180129	-4.506331
-0.632030	-0.590741
-1.625510	-1.783340
4.297999	-16.695531
3.405863	-12.023928
-0.216059	-0.693419
-1.107666	-1.386614
4.438804	-20.356826
-4.816084	-23.851625
-3.640199	-12.573822
-2.093149	-5.868906
-4.796453	-22.898923
4.022952	-15.849513
3.164660	-8.593789
2.788399	-5.678902
-1.551641	-6.170889
-2.898750	-9.463142
-2.724486	-7.443306
-4.273376	-18.523489
4.687510	-22.402544
-1.152881	0.860465
2.758580	-6.348946
-4.564782	-22.115428
-1.450554	-1.392334
-3.026797	-9.798502
1.054944	-0.977767
3.083075	-7.129916
-2.303843	-5.719059
-4.756917	-24.118079
1.478411	-1.891028
4.781242	-23.913212
-0.194473	-0.609231
2.776895	-6.266958
4.685637	-20.734517
1.132252	-2.309362
-4.305942	-16.466682
3.300207	-9.928254
-2.741467	-9.188869
1.090649	-1.728316
-4.853214	-25.583932
-0.060828	0.663038
-2.113321	-3.996571
-0.659855	-0.893102
3.772205	-13.967963
4.510361	-18.128700
-1.903733	-4.788489
