# t x vx y vy xd vxd yd vyd
0.00000000  0.00000000 14.14213581  0.00000000 14.14213543  0.00000000 14.14213581  0.00000000 14.14213543
0.01000000  0.14142136 14.14213581  0.14093085 14.04403543  0.14142136 14.14213581  0.14142135 14.04403543
0.02000000  0.28284272 14.14213581  0.28088071 13.94593543  0.28284272 14.14213581  0.28186171 13.94593543
0.03000000  0.42426407 14.14213581  0.41984956 13.84783543  0.42426407 14.14213581  0.42132106 13.84783543
0.04000000  0.56568543 14.14213581  0.55783742 13.74973543  0.56568543 14.14213581  0.55979942 13.74973543
0.05000000  0.70710679 14.14213581  0.69484427 13.65163543  0.70710679 14.14213581  0.69729677 13.65163543
0.06000000  0.84852815 14.14213581  0.83087013 13.55353543  0.84852815 14.14213581  0.83381313 13.55353543
0.07000000  0.98994951 14.14213581  0.96591498 13.45543543  0.98994951 14.14213581  0.96934848 13.45543543
0.08000000  1.13137087 14.14213581  1.09997883 13.35733543  1.13137087 14.14213581  1.10390283 13.35733543
0.09000000  1.27279222 14.14213581  1.23306169 13.25923543  1.27279222 14.14213581  1.23747619 13.25923543
0.10000000  1.41421358 14.14213581  1.36516354 13.16113543  1.41421358 14.14213581  1.37006854 13.16113543
0.11000000  1.55563494 14.14213581  1.49628440 13.06303543  1.55563494 14.14213581  1.50167990 13.06303543
0.12000000  1.69705630 14.14213581  1.62642425 12.96493543  1.69705630 14.14213581  1.63231025 12.96493543
0.13000000  1.83847766 14.14213581  1.75558311 12.86683543  1.83847766 14.14213581  1.76195961 12.86683543
0.14000000  1.97989901 14.14213581  1.88376096 12.76873543  1.97989901 14.14213581  1.89062796 12.76873543
0.15000000  2.12132037 14.14213581  2.01095782 12.67063543  2.12132037 14.14213581  2.01831532 12.67063543
0.16000000  2.26274173 14.14213581  2.13717367 12.57253543  2.26274173 14.14213581  2.14502167 12.57253543
0.17000000  2.40416309 14.14213581  2.26240852 12.47443543  2.40416309 14.14213581  2.27074702 12.47443543
0.18000000  2.54558445 14.14213581  2.38666238 12.37633543  2.54558445 14.14213581  2.39549138 12.37633543
0.19000000  2.68700580 14.14213581  2.50993523 12.27823543  2.68700580 14.14213581  2.51925473 12.27823543
0.20000000  2.82842716 14.14213581  2.63222709 12.18013543  2.82842716 14.14213581  2.64203709 12.18013543
0.21000000  2.96984852 14.14213581  2.75353794 12.08203543  2.96984852 14.14213581  2.76383844 12.08203543
0.22000000  3.11126988 14.14213581  2.87386780 11.98393543  3.11126988 14.14213581  2.88465880 11.98393543
0.23000000  3.25269124 14.14213581  2.99321665 11.88583543  3.25269124 14.14213581  3.00449815 11.88583543
0.24000000  3.39411260 14.14213581  3.11158450 11.78773543  3.39411260 14.14213581  3.12335650 11.78773543
0.25000000  3.53553395 14.14213581  3.22897136 11.68963543  3.53553395 14.14213581  3.24123386 11.68963543
0.26000000  3.67695531 14.14213581  3.34537721 11.59153543  3.67695531 14.14213581  3.35813021 11.59153543
0.27000000  3.81837667 14.14213581  3.46080207 11.49343543  3.81837667 14.14213581  3.47404557 11.49343543
0.28000000  3.95979803 14.14213581  3.57524592 11.39533543  3.95979803 14.14213581  3.58897992 11.39533543
0.29000000  4.10121939 14.14213581  3.68870878 11.29723543  4.10121939 14.14213581  3.70293328 11.29723543
0.30000000  4.24264074 14.14213581  3.80119063 11.19913543  4.24264074 14.14213581  3.81590563 11.19913543
0.31000000  4.38406210 14.14213581  3.91269148 11.10103543  4.38406210 14.14213581  3.92789698 11.10103543
0.32000000  4.52548346 14.14213581  4.02321134 11.00293543  4.52548346 14.14213581  4.03890734 11.00293543
0.33000000  4.66690482 14.14213581  4.13275019 10.90483543  4.66690482 14.14213581  4.14893669 10.90483543
0.34000000  4.80832618 14.14213581  4.24130805 10.80673543  4.80832618 14.14213581  4.25798505 10.80673543
0.35000000  4.94974753 14.14213581  4.34888490 10.70863543  4.94974753 14.14213581  4.36605240 10.70863543
0.36000000  5.09116889 14.14213581  4.45548076 10.61053543  5.09116889 14.14213581  4.47313876 10.61053543
0.37000000  5.23259025 14.14213581  4.56109561 10.51243543  5.23259025 14.14213581  4.57924411 10.51243543
0.38000000  5.37401161 14.14213581  4.66572947 10.41433543  5.37401161 14.14213581  4.68436847 10.41433543
0.39000000  5.51543297 14.14213581  4.76938232 10.31623543  5.51543297 14.14213581  4.78851182 10.31623543
0.40000000  5.65685433 14.14213581  4.87205417 10.21813543  5.65685433 14.14213581  4.89167417 10.21813543
0.41000000  5.79827568 14.14213581  4.97374503 10.12003543  5.79827568 14.14213581  4.99385553 10.12003543
0.42000000  5.93969704 14.14213581  5.07445488 10.02193543  5.93969704 14.14213581  5.09505588 10.02193543
0.43000000  6.08111840 14.14213581  5.17418374  9.92383543  6.08111840 14.14213581  5.19527524  9.92383543
0.44000000  6.22253976 14.14213581  5.27293159  9.82573543  6.22253976 14.14213581  5.29451359  9.82573543
0.45000000  6.36396112 14.14213581  5.37069845  9.72763543  6.36396112 14.14213581  5.39277095  9.72763543
0.46000000  6.50538247 14.14213581  5.46748430  9.62953543  6.50538247 14.14213581  5.49004730  9.62953543
0.47000000  6.64680383 14.14213581  5.56328915  9.53143543  6.64680383 14.14213581  5.58634265  9.53143543
0.48000000  6.78822519 14.14213581  5.65811301  9.43333543  6.78822519 14.14213581  5.68165701  9.43333543
0.49000000  6.92964655 14.14213581  5.75195586  9.33523543  6.92964655 14.14213581  5.77599036  9.33523543
0.50000000  7.07106791 14.14213581  5.84481772  9.23713543  7.07106791 14.14213581  5.86934272  9.23713543
0.51000000  7.21248926 14.14213581  5.93669857  9.13903543  7.21248926 14.14213581  5.96171407  9.13903543
0.52000000  7.35391062 14.14213581  6.02759843  9.04093543  7.35391062 14.14213581  6.05310443  9.04093543
0.53000000  7.49533198 14.14213581  6.11751728  8.94283543  7.49533198 14.14213581  6.14351378  8.94283543
0.54000000  7.63675334 14.14213581  6.20645513  8.84473543  7.63675334 14.14213581  6.23294213  8.84473543
0.55000000  7.77817470 14.14213581  6.29441199  8.74663543  7.77817470 14.14213581  6.32138949  8.74663543
0.56000000  7.91959606 14.14213581  6.38138784  8.64853543  7.91959606 14.14213581  6.40885584  8.64853543
0.57000000  8.06101741 14.14213581  6.46738270  8.55043543  8.06101741 14.14213581  6.49534120  8.55043543
0.58000000  8.20243877 14.14213581  6.55239655  8.45233543  8.20243877 14.14213581  6.58084555  8.45233543
0.59000000  8.34386013 14.14213581  6.63642941  8.35423543  8.34386013 14.14213581  6.66536891  8.35423543
0.60000000  8.48528149 14.14213581  6.71948126  8.25613543  8.48528149 14.14213581  6.74891126  8.25613543
0.61000000  8.62670285 14.14213581  6.80155211  8.15803543  8.62670285 14.14213581  6.83147261  8.15803543
0.62000000  8.76812420 14.14213581  6.88264197  8.05993543  8.76812420 14.14213581  6.91305297  8.05993543
0.63000000  8.90954556 14.14213581  6.96275082  7.96183543  8.90954556 14.14213581  6.99365232  7.96183543
0.64000000  9.05096692 14.14213581  7.04187868  7.86373543  9.05096692 14.14213581  7.07327068  7.86373543
0.65000000  9.19238828 14.14213581  7.12002553  7.76563543  9.19238828 14.14213581  7.15190803  7.76563543
0.66000000  9.33380964 14.14213581  7.19719139  7.66753543  9.33380964 14.14213581  7.22956439  7.66753543
0.67000000  9.47523099 14.14213581  7.27337624  7.56943543  9.47523099 14.14213581  7.30623974  7.56943543
0.68000000  9.61665235 14.14213581  7.34858010  7.47133543  9.61665235 14.14213581  7.38193410  7.47133543
0.69000000  9.75807371 14.14213581  7.42280295  7.37323543  9.75807371 14.14213581  7.45664745  7.37323543
0.70000000  9.89949507 14.14213581  7.49604480  7.27513543  9.89949507 14.14213581  7.53037980  7.27513543
0.71000000 10.04091643 14.14213581  7.56830566  7.17703543 10.04091643 14.14213581  7.60313116  7.17703543
0.72000000 10.18233779 14.14213581  7.63958551  7.07893543 10.18233779 14.14213581  7.67490151  7.07893543
0.73000000 10.32375914 14.14213581  7.70988437  6.98083543 10.32375914 14.14213581  7.74569087  6.98083543
0.74000000 10.46518050 14.14213581  7.77920222  6.88273543 10.46518050 14.14213581  7.81549922  6.88273543
0.75000000 10.60660186 14.14213581  7.84753908  6.78463543 10.60660186 14.14213581  7.88432658  6.78463543
0.76000000 10.74802322 14.14213581  7.91489493  6.68653543 10.74802322 14.14213581  7.95217293  6.68653543
0.77000000 10.88944458 14.14213581  7.98126978  6.58843543 10.88944458 14.14213581  8.01903828  6.58843543
0.78000000 11.03086593 14.14213581  8.04666364  6.49033543 11.03086593 14.14213581  8.08492264  6.49033543
0.79000000 11.17228729 14.14213581  8.11107649  6.39223543 11.17228729 14.14213581  8.14982599  6.39223543
0.80000000 11.31370865 14.14213581  8.17450835  6.29413543 11.31370865 14.14213581  8.21374835  6.29413543
0.81000000 11.45513001 14.14213581  8.23695920  6.19603543 11.45513001 14.14213581  8.27668970  6.19603543
0.82000000 11.59655137 14.14213581  8.29842906  6.09793543 11.59655137 14.14213581  8.33865006  6.09793543
0.83000000 11.73797272 14.14213581  8.35891791  5.99983543 11.73797272 14.14213581  8.39962941  5.99983543
0.84000000 11.87939408 14.14213581  8.41842576  5.90173543 11.87939408 14.14213581  8.45962776  5.90173543
0.85000000 12.02081544 14.14213581  8.47695262  5.80363543 12.02081544 14.14213581  8.51864512  5.80363543
0.86000000 12.16223680 14.14213581  8.53449847  5.70553543 12.16223680 14.14213581  8.57668147  5.70553543
0.87000000 12.30365816 14.14213581  8.59106333  5.60743543 12.30365816 14.14213581  8.63373683  5.60743543
0.88000000 12.44507952 14.14213581  8.64664718  5.50933543 12.44507952 14.14213581  8.68981118  5.50933543
0.89000000 12.58650087 14.14213581  8.70125004  5.41123543 12.58650087 14.14213581  8.74490454  5.41123543
0.90000000 12.72792223 14.14213581  8.75487189  5.31313543 12.72792223 14.14213581  8.79901689  5.31313543
0.91000000 12.86934359 14.14213581  8.80751275  5.21503543 12.86934359 14.14213581  8.85214825  5.21503543
0.92000000 13.01076495 14.14213581  8.85917260  5.11693543 13.01076495 14.14213581  8.90429860  5.11693543
0.93000000 13.15218631 14.14213581  8.90985145  5.01883543 13.15218631 14.14213581  8.95546795  5.01883543
0.94000000 13.29360766 14.14213581  8.95954931  4.92073543 13.29360766 14.14213581  9.00565631  4.92073543
0.95000000 13.43502902 14.14213581  9.00826616  4.82263543 13.43502902 14.14213581  9.05486366  4.82263543
0.96000000 13.57645038 14.14213581  9.05600202  4.72453543 13.57645038 14.14213581  9.10309002  4.72453543
0.97000000 13.71787174 14.14213581  9.10275687  4.62643543 13.71787174 14.14213581  9.15033537  4.62643543
0.98000000 13.85929310 14.14213581  9.14853073  4.52833543 13.85929310 14.14213581  9.19659973  4.52833543
0.99000000 14.00071446 14.14213581  9.19332358  4.43023543 14.00071446 14.14213581  9.24188308  4.43023543
1.00000000 14.14213581 14.14213581  9.23713543  4.33213543 14.14213581 14.14213581  9.28618543  4.33213543
1.01000000 14.28355717 14.14213581  9.27996629  4.23403543 14.28355717 14.14213581  9.32950679  4.23403543
1.02000000 14.42497853 14.14213581  9.32181614  4.13593543 14.42497853 14.14213581  9.37184714  4.13593543
1.03000000 14.56639989 14.14213581  9.36268500  4.03783543 14.56639989 14.14213581  9.41320650  4.03783543
1.04000000 14.70782125 14.14213581  9.40257285  3.93973543 14.70782125 14.14213581  9.45358485  3.93973543
1.05000000 14.84924260 14.14213581  9.44147971  3.84163543 14.84924260 14.14213581  9.49298221  3.84163543
1.06000000 14.99066396 14.14213581  9.47940556  3.74353543 14.99066396 14.14213581  9.53139856  3.74353543
1.07000000 15.13208532 14.14213581  9.51635041  3.64543543 15.13208532 14.14213581  9.56883391  3.64543543
1.08000000 15.27350668 14.14213581  9.55231427  3.54733543 15.27350668 14.14213581  9.60528827  3.54733543
1.09000000 15.41492804 14.14213581  9.58729712  3.44923543 15.41492804 14.14213581  9.64076162  3.44923543
1.10000000 15.55634939 14.14213581  9.62129898  3.35113543 15.55634939 14.14213581  9.67525398  3.35113543
1.11000000 15.69777075 14.14213581  9.65431983  3.25303543 15.69777075 14.14213581  9.70876533  3.25303543
1.12000000 15.83919211 14.14213581  9.68635969  3.15493543 15.83919211 14.14213581  9.74129569  3.15493543
1.13000000 15.98061347 14.14213581  9.71741854  3.05683543 15.98061347 14.14213581  9.77284504  3.05683543
1.14000000 16.12203483 14.14213581  9.74749640  2.95873543 16.12203483 14.14213581  9.80341340  2.95873543
1.15000000 16.26345619 14.14213581  9.77659325  2.86063543 16.26345619 14.14213581  9.83300075  2.86063543
1.16000000 16.40487754 14.14213581  9.80470910  2.76253543 16.40487754 14.14213581  9.86160710  2.76253543
1.17000000 16.54629890 14.14213581  9.83184396  2.66443543 16.54629890 14.14213581  9.88923246  2.66443543
1.18000000 16.68772026 14.14213581  9.85799781  2.56633543 16.68772026 14.14213581  9.91587681  2.56633543
1.19000000 16.82914162 14.14213581  9.88317067  2.46823543 16.82914162 14.14213581  9.94154017  2.46823543
1.20000000 16.97056298 14.14213581  9.90736252  2.37013543 16.97056298 14.14213581  9.96622252  2.37013543
1.21000000 17.11198433 14.14213581  9.93057338  2.27203543 17.11198433 14.14213581  9.98992388  2.27203543
1.22000000 17.25340569 14.14213581  9.95280323  2.17393543 17.25340569 14.14213581 10.01264423  2.17393543
1.23000000 17.39482705 14.14213581  9.97405208  2.07583543 17.39482705 14.14213581 10.03438358  2.07583543
1.24000000 17.53624841 14.14213581  9.99431994  1.97773543 17.53624841 14.14213581 10.05514194  1.97773543
1.25000000 17.67766977 14.14213581 10.01360679  1.87963543 17.67766977 14.14213581 10.07491929  1.87963543
1.26000000 17.81909112 14.14213581 10.03191265  1.78153543 17.81909112 14.14213581 10.09371565  1.78153543
1.27000000 17.96051248 14.14213581 10.04923750  1.68343543 17.96051248 14.14213581 10.11153100  1.68343543
1.28000000 18.10193384 14.14213581 10.06558136  1.58533543 18.10193384 14.14213581 10.12836536  1.58533543
1.29000000 18.24335520 14.14213581 10.08094421  1.48723543 18.24335520 14.14213581 10.14421871  1.48723543
1.30000000 18.38477656 14.14213581 10.09532606  1.38913543 18.38477656 14.14213581 10.15909106  1.38913543
1.31000000 18.52619792 14.14213581 10.10872692  1.29103543 18.52619792 14.14213581 10.17298242  1.29103543
1.32000000 18.66761927 14.14213581 10.12114677  1.19293543 18.66761927 14.14213581 10.18589277  1.19293543
1.33000000 18.80904063 14.14213581 10.13258563  1.09483543 18.80904063 14.14213581 10.19782213  1.09483543
1.34000000 18.95046199 14.14213581 10.14304348  0.99673543 18.95046199 14.14213581 10.20877048  0.99673543
1.35000000 19.09188335 14.14213581 10.15252034  0.89863543 19.09188335 14.14213581 10.21873784  0.89863543
1.36000000 19.23330471 14.14213581 10.16101619  0.80053543 19.23330471 14.14213581 10.22772419  0.80053543
1.37000000 19.37472606 14.14213581 10.16853104  0.70243543 19.37472606 14.14213581 10.23572954  0.70243543
1.38000000 19.51614742 14.14213581 10.17506490  0.60433543 19.51614742 14.14213581 10.24275390  0.60433543
1.39000000 19.65756878 14.14213581 10.18061775  0.50623543 19.65756878 14.14213581 10.24879725  0.50623543
1.40000000 19.79899014 14.14213581 10.18518961  0.40813543 19.79899014 14.14213581 10.25385961  0.40813543
1.41000000 19.94041150 14.14213581 10.18878046  0.31003543 19.94041150 14.14213581 10.25794096  0.31003543
1.42000000 20.08183285 14.14213581 10.19139032  0.21193543 20.08183285 14.14213581 10.26104132  0.21193543
1.43000000 20.22325421 14.14213581 10.19301917  0.11383543 20.22325421 14.14213581 10.26316067  0.11383543
1.44000000 20.36467557 14.14213581 10.19366703  0.01573543 20.36467557 14.14213581 10.26429903  0.01573543
1.45000000 20.50609693 14.14213581 10.19333388 -0.08236457 20.50609693 14.14213581 10.26445638 -0.08236457
1.46000000 20.64751829 14.14213581 10.19201973 -0.18046457 20.64751829 14.14213581 10.26363273 -0.18046457
1.47000000 20.78893965 14.14213581 10.18972459 -0.27856457 20.78893965 14.14213581 10.26182809 -0.27856457
1.48000000 20.93036100 14.14213581 10.18644844 -0.37666457 20.93036100 14.14213581 10.25904244 -0.37666457
1.49000000 21.07178236 14.14213581 10.18219130 -0.47476457 21.07178236 14.14213581 10.25527580 -0.47476457
1.50000000 21.21320372 14.14213581 10.17695315 -0.57286457 21.21320372 14.14213581 10.25052815 -0.57286457
1.51000000 21.35462508 14.14213581 10.17073401 -0.67096457 21.35462508 14.14213581 10.24479951 -0.67096457
1.52000000 21.49604644 14.14213581 10.16353386 -0.76906457 21.49604644 14.14213581 10.23808986 -0.76906457
1.53000000 21.63746779 14.14213581 10.15535271 -0.86716457 21.63746779 14.14213581 10.23039921 -0.86716457
1.54000000 21.77888915 14.14213581 10.14619057 -0.96526457 21.77888915 14.14213581 10.22172757 -0.96526457
1.55000000 21.92031051 14.14213581 10.13604742 -1.06336457 21.92031051 14.14213581 10.21207492 -1.06336457
1.56000000 22.06173187 14.14213581 10.12492328 -1.16146457 22.06173187 14.14213581 10.20144128 -1.16146457
1.57000000 22.20315323 14.14213581 10.11281813 -1.25956457 22.20315323 14.14213581 10.18982663 -1.25956457
1.58000000 22.34457458 14.14213581 10.09973199 -1.35766457 22.34457458 14.14213581 10.17723099 -1.35766457
1.59000000 22.48599594 14.14213581 10.08566484 -1.45576457 22.48599594 14.14213581 10.16365434 -1.45576457
1.60000000 22.62741730 14.14213581 10.07061669 -1.55386457 22.62741730 14.14213581 10.14909669 -1.55386457
1.61000000 22.76883866 14.14213581 10.05458755 -1.65196457 22.76883866 14.14213581 10.13355805 -1.65196457
1.62000000 22.91026002 14.14213581 10.03757740 -1.75006457 22.91026002 14.14213581 10.11703840 -1.75006457
1.63000000 23.05168138 14.14213581 10.01958626 -1.84816457 23.05168138 14.14213581 10.09953776 -1.84816457
1.64000000 23.19310273 14.14213581 10.00061411 -1.94626457 23.19310273 14.14213581 10.08105611 -1.94626457
1.65000000 23.33452409 14.14213581  9.98066097 -2.04436457 23.33452409 14.14213581 10.06159347 -2.04436457
1.66000000 23.47594545 14.14213581  9.95972682 -2.14246457 23.47594545 14.14213581 10.04114982 -2.14246457
1.67000000 23.61736681 14.14213581  9.93781168 -2.24056457 23.61736681 14.14213581 10.01972518 -2.24056457
1.68000000 23.75878817 14.14213581  9.91491553 -2.33866457 23.75878817 14.14213581  9.99731953 -2.33866457
1.69000000 23.90020952 14.14213581  9.89103838 -2.43676457 23.90020952 14.14213581  9.97393288 -2.43676457
1.70000000 24.04163088 14.14213581  9.86618024 -2.53486457 24.04163088 14.14213581  9.94956524 -2.53486457
1.71000000 24.18305224 14.14213581  9.84034109 -2.63296457 24.18305224 14.14213581  9.92421659 -2.63296457
1.72000000 24.32447360 14.14213581  9.81352095 -2.73106457 24.32447360 14.14213581  9.89788695 -2.73106457
1.73000000 24.46589496 14.14213581  9.78571980 -2.82916457 24.46589496 14.14213581  9.87057630 -2.82916457
1.74000000 24.60731631 14.14213581  9.75693766 -2.92726457 24.60731631 14.14213581  9.84228466 -2.92726457
1.75000000 24.74873767 14.14213581  9.72717451 -3.02536457 24.74873767 14.14213581  9.81301201 -3.02536457
1.76000000 24.89015903 14.14213581  9.69643036 -3.12346457 24.89015903 14.14213581  9.78275836 -3.12346457
1.77000000 25.03158039 14.14213581  9.66470522 -3.22156457 25.03158039 14.14213581  9.75152372 -3.22156457
1.78000000 25.17300175 14.14213581  9.63199907 -3.31966457 25.17300175 14.14213581  9.71930807 -3.31966457
1.79000000 25.31442311 14.14213581  9.59831193 -3.41776457 25.31442311 14.14213581  9.68611143 -3.41776457
1.80000000 25.45584446 14.14213581  9.56364378 -3.51586457 25.45584446 14.14213581  9.65193378 -3.51586457
1.81000000 25.59726582 14.14213581  9.52799464 -3.61396457 25.59726582 14.14213581  9.61677514 -3.61396457
1.82000000 25.73868718 14.14213581  9.49136449 -3.71206457 25.73868718 14.14213581  9.58063549 -3.71206457
1.83000000 25.88010854 14.14213581  9.45375334 -3.81016457 25.88010854 14.14213581  9.54351484 -3.81016457
1.84000000 26.02152990 14.14213581  9.41516120 -3.90826457 26.02152990 14.14213581  9.50541320 -3.90826457
1.85000000 26.16295125 14.14213581  9.37558805 -4.00636457 26.16295125 14.14213581  9.46633055 -4.00636457
1.86000000 26.30437261 14.14213581  9.33503391 -4.10446457 26.30437261 14.14213581  9.42626691 -4.10446457
1.87000000 26.44579397 14.14213581  9.29349876 -4.20256457 26.44579397 14.14213581  9.38522226 -4.20256457
1.88000000 26.58721533 14.14213581  9.25098262 -4.30066457 26.58721533 14.14213581  9.34319662 -4.30066457
1.89000000 26.72863669 14.14213581  9.20748547 -4.39876457 26.72863669 14.14213581  9.30018997 -4.39876457
1.90000000 26.87005805 14.14213581  9.16300733 -4.49686457 26.87005805 14.14213581  9.25620233 -4.49686457
1.91000000 27.01147940 14.14213581  9.11754818 -4.59496457 27.01147940 14.14213581  9.21123368 -4.59496457
1.92000000 27.15290076 14.14213581  9.07110803 -4.69306457 27.15290076 14.14213581  9.16528403 -4.69306457
1.93000000 27.29432212 14.14213581  9.02368689 -4.79116457 27.29432212 14.14213581  9.11835339 -4.79116457
1.94000000 27.43574348 14.14213581  8.97528474 -4.88926457 27.43574348 14.14213581  9.07044174 -4.88926457
1.95000000 27.57716484 14.14213581  8.92590160 -4.98736457 27.57716484 14.14213581  9.02154910 -4.98736457
1.96000000 27.71858619 14.14213581  8.87553745 -5.08546457 27.71858619 14.14213581  8.97167545 -5.08546457
1.97000000 27.86000755 14.14213581  8.82419231 -5.18356457 27.86000755 14.14213581  8.92082081 -5.18356457
1.98000000 28.00142891 14.14213581  8.77186616 -5.28166457 28.00142891 14.14213581  8.86898516 -5.28166457
1.99000000 28.14285027 14.14213581  8.71855901 -5.37976457 28.14285027 14.14213581  8.81616851 -5.37976457
2.00000000 28.28427163 14.14213581  8.66427087 -5.47786457 28.28427163 14.14213581  8.76237087 -5.47786457
2.01000000 28.42569298 14.14213581  8.60900172 -5.57596457 28.42569298 14.14213581  8.70759222 -5.57596457
2.02000000 28.56711434 14.14213581  8.55275158 -5.67406457 28.56711434 14.14213581  8.65183258 -5.67406457
2.03000000 28.70853570 14.14213581  8.49552043 -5.77216457 28.70853570 14.14213581  8.59509193 -5.77216457
2.04000000 28.84995706 14.14213581  8.43730829 -5.87026457 28.84995706 14.14213581  8.53737029 -5.87026457
2.05000000 28.99137842 14.14213581  8.37811514 -5.96836457 28.99137842 14.14213581  8.47866764 -5.96836457
2.06000000 29.13279978 14.14213581  8.31794099 -6.06646457 29.13279978 14.14213581  8.41898399 -6.06646457
2.07000000 29.27422113 14.14213581  8.25678585 -6.16456457 29.27422113 14.14213581  8.35831935 -6.16456457
2.08000000 29.41564249 14.14213581  8.19464970 -6.26266457 29.41564249 14.14213581  8.29667370 -6.26266457
2.09000000 29.55706385 14.14213581  8.13153256 -6.36076457 29.55706385 14.14213581  8.23404706 -6.36076457
2.10000000 29.69848521 14.14213581  8.06743441 -6.45886457 29.69848521 14.14213581  8.17043941 -6.45886457
2.11000000 29.83990657 14.14213581  8.00235527 -6.55696457 29.83990657 14.14213581  8.10585077 -6.55696457
2.12000000 29.98132792 14.14213581  7.93629512 -6.65506457 29.98132792 14.14213581  8.04028112 -6.65506457
2.13000000 30.12274928 14.14213581  7.86925397 -6.75316457 30.12274928 14.14213581  7.97373047 -6.75316457
2.14000000 30.26417064 14.14213581  7.80123183 -6.85126457 30.26417064 14.14213581  7.90619883 -6.85126457
2.15000000 30.40559200 14.14213581  7.73222868 -6.94936457 30.40559200 14.14213581  7.83768618 -6.94936457
2.16000000 30.54701336 14.14213581  7.66224454 -7.04746457 30.54701336 14.14213581  7.76819254 -7.04746457
2.17000000 30.68843471 14.14213581  7.59127939 -7.14556457 30.68843471 14.14213581  7.69771789 -7.14556457
2.18000000 30.82985607 14.14213581  7.51933325 -7.24366457 30.82985607 14.14213581  7.62626225 -7.24366457
2.19000000 30.97127743 14.14213581  7.44640610 -7.34176457 30.97127743 14.14213581  7.55382560 -7.34176457
2.20000000 31.11269879 14.14213581  7.37249796 -7.43986457 31.11269879 14.14213581  7.48040796 -7.43986457
2.21000000 31.25412015 14.14213581  7.29760881 -7.53796457 31.25412015 14.14213581  7.40600931 -7.53796457
2.22000000 31.39554151 14.14213581  7.22173866 -7.63606457 31.39554151 14.14213581  7.33062966 -7.63606457
2.23000000 31.53696286 14.14213581  7.14488752 -7.73416457 31.53696286 14.14213581  7.25426902 -7.73416457
2.24000000 31.67838422 14.14213581  7.06705537 -7.83226457 31.67838422 14.14213581  7.17692737 -7.83226457
2.25000000 31.81980558 14.14213581  6.98824223 -7.93036457 31.81980558 14.14213581  7.09860473 -7.93036457
2.26000000 31.96122694 14.14213581  6.90844808 -8.02846457 31.96122694 14.14213581  7.01930108 -8.02846457
2.27000000 32.10264830 14.14213581  6.82767294 -8.12656457 32.10264830 14.14213581  6.93901644 -8.12656457
2.28000000 32.24406965 14.14213581  6.74591679 -8.22466457 32.24406965 14.14213581  6.85775079 -8.22466457
2.29000000 32.38549101 14.14213581  6.66317964 -8.32276457 32.38549101 14.14213581  6.77550414 -8.32276457
2.30000000 32.52691237 14.14213581  6.57946150 -8.42086457 32.52691237 14.14213581  6.69227650 -8.42086457
2.31000000 32.66833373 14.14213581  6.49476235 -8.51896457 32.66833373 14.14213581  6.60806785 -8.51896457
2.32000000 32.80975509 14.14213581  6.40908221 -8.61706457 32.80975509 14.14213581  6.52287821 -8.61706457
2.33000000 32.95117644 14.14213581  6.32242106 -8.71516457 32.95117644 14.14213581  6.43670756 -8.71516457
2.34000000 33.09259780 14.14213581  6.23477892 -8.81326457 33.09259780 14.14213581  6.34955592 -8.81326457
2.35000000 33.23401916 14.14213581  6.14615577 -8.91136457 33.23401916 14.14213581  6.26142327 -8.91136457
2.36000000 33.37544052 14.14213581  6.05655162 -9.00946457 33.37544052 14.14213581  6.17230962 -9.00946457
2.37000000 33.51686188 14.14213581  5.96596648 -9.10756457 33.51686188 14.14213581  6.08221498 -9.10756457
2.38000000 33.65828324 14.14213581  5.87440033 -9.20566457 33.65828324 14.14213581  5.99113933 -9.20566457
2.39000000 33.79970459 14.14213581  5.78185319 -9.30376457 33.79970459 14.14213581  5.89908269 -9.30376457
2.40000000 33.94112595 14.14213581  5.68832504 -9.40186457 33.94112595 14.14213581  5.80604504 -9.40186457
2.41000000 34.08254731 14.14213581  5.59381590 -9.49996457 34.08254731 14.14213581  5.71202640 -9.49996457
2.42000000 34.22396867 14.14213581  5.49832575 -9.59806457 34.22396867 14.14213581  5.61702675 -9.59806457
2.43000000 34.36539003 14.14213581  5.40185461 -9.69616457 34.36539003 14.14213581  5.52104611 -9.69616457
2.44000000 34.50681138 14.14213581  5.30440246 -9.79426457 34.50681138 14.14213581  5.42408446 -9.79426457
2.45000000 34.64823274 14.14213581  5.20596931 -9.89236457 34.64823274 14.14213581  5.32614181 -9.89236457
2.46000000 34.78965410 14.14213581  5.10655517 -9.99046457 34.78965410 14.14213581  5.22721817 -9.99046457
2.47000000  34.93107546  14.14213581   5.00616002 -10.08856457  34.93107546  14.14213581   5.12731352 -10.08856457
2.48000000  35.07249682  14.14213581   4.90478388 -10.18666457  35.07249682  14.14213581   5.02642788 -10.18666457
2.49000000  35.21391817  14.14213581   4.80242673 -10.28476457  35.21391817  14.14213581   4.92456123 -10.28476457
2.50000000  35.35533953  14.14213581   4.69908859 -10.38286457  35.35533953  14.14213581   4.82171359 -10.38286457
2.51000000  35.49676089  14.14213581   4.59476944 -10.48096457  35.49676089  14.14213581   4.71788494 -10.48096457
2.52000000  35.63818225  14.14213581   4.48946929 -10.57906457  35.63818225  14.14213581   4.61307529 -10.57906457
2.53000000  35.77960361  14.14213581   4.38318815 -10.67716457  35.77960361  14.14213581   4.50728465 -10.67716457
2.54000000  35.92102497  14.14213581   4.27592600 -10.77526457  35.92102497  14.14213581   4.40051300 -10.77526457
2.55000000  36.06244632  14.14213581   4.16768286 -10.87336457  36.06244632  14.14213581   4.29276036 -10.87336457
2.56000000  36.20386768  14.14213581   4.05845871 -10.97146457  36.20386768  14.14213581   4.18402671 -10.97146457
2.57000000  36.34528904  14.14213581   3.94825357 -11.06956457  36.34528904  14.14213581   4.07431207 -11.06956457
2.58000000  36.48671040  14.14213581   3.83706742 -11.16766457  36.48671040  14.14213581   3.96361642 -11.16766457
2.59000000  36.62813176  14.14213581   3.72490027 -11.26576457  36.62813176  14.14213581   3.85193977 -11.26576457
2.60000000  36.76955311  14.14213581   3.61175213 -11.36386457  36.76955311  14.14213581   3.73928213 -11.36386457
2.61000000  36.91097447  14.14213581   3.49762298 -11.46196457  36.91097447  14.14213581   3.62564348 -11.46196457
2.62000000  37.05239583  14.14213581   3.38251284 -11.56006457  37.05239583  14.14213581   3.51102384 -11.56006457
2.63000000  37.19381719  14.14213581   3.26642169 -11.65816457  37.19381719  14.14213581   3.39542319 -11.65816457
2.64000000  37.33523855  14.14213581   3.14934955 -11.75626457  37.33523855  14.14213581   3.27884155 -11.75626457
2.65000000  37.47665990  14.14213581   3.03129640 -11.85436457  37.47665990  14.14213581   3.16127890 -11.85436457
2.66000000  37.61808126  14.14213581   2.91226226 -11.95246457  37.61808126  14.14213581   3.04273526 -11.95246457
2.67000000  37.75950262  14.14213581   2.79224711 -12.05056457  37.75950262  14.14213581   2.92321061 -12.05056457
2.68000000  37.90092398  14.14213581   2.67125096 -12.14866457  37.90092398  14.14213581   2.80270496 -12.14866457
2.69000000  38.04234534  14.14213581   2.54927382 -12.24676457  38.04234534  14.14213581   2.68121832 -12.24676457
2.70000000  38.18376670  14.14213581   2.42631567 -12.34486457  38.18376670  14.14213581   2.55875067 -12.34486457
2.71000000  38.32518805  14.14213581   2.30237653 -12.44296457  38.32518805  14.14213581   2.43530203 -12.44296457
2.72000000  38.46660941  14.14213581   2.17745638 -12.54106457  38.46660941  14.14213581   2.31087238 -12.54106457
2.73000000  38.60803077  14.14213581   2.05155524 -12.63916457  38.60803077  14.14213581   2.18546174 -12.63916457
2.74000000  38.74945213  14.14213581   1.92467309 -12.73726457  38.74945213  14.14213581   2.05907009 -12.73726457
2.75000000  38.89087349  14.14213581   1.79680994 -12.83536457  38.89087349  14.14213581   1.93169744 -12.83536457
2.76000000  39.03229484  14.14213581   1.66796580 -12.93346457  39.03229484  14.14213581   1.80334380 -12.93346457
2.77000000  39.17371620  14.14213581   1.53814065 -13.03156457  39.17371620  14.14213581   1.67400915 -13.03156457
2.78000000  39.31513756  14.14213581   1.40733451 -13.12966457  39.31513756  14.14213581   1.54369351 -13.12966457
2.79000000  39.45655892  14.14213581   1.27554736 -13.22776457  39.45655892  14.14213581   1.41239686 -13.22776457
2.80000000  39.59798028  14.14213581   1.14277922 -13.32586457  39.59798028  14.14213581   1.28011922 -13.32586457
2.81000000  39.73940164  14.14213581   1.00903007 -13.42396457  39.73940164  14.14213581   1.14686057 -13.42396457
2.82000000  39.88082299  14.14213581   0.87429992 -13.52206457  39.88082299  14.14213581   1.01262092 -13.52206457
2.83000000  40.02224435  14.14213581   0.73858878 -13.62016457  40.02224435  14.14213581   0.87740028 -13.62016457
2.84000000  40.16366571  14.14213581   0.60189663 -13.71826457  40.16366571  14.14213581   0.74119863 -13.71826457
2.85000000  40.30508707  14.14213581   0.46422349 -13.81636457  40.30508707  14.14213581   0.60401599 -13.81636457
2.86000000  40.44650843  14.14213581   0.32556934 -13.91446457  40.44650843  14.14213581   0.46585234 -13.91446457
2.87000000  40.58792978  14.14213581   0.18593420 -14.01256457  40.58792978  14.14213581   0.32670770 -14.01256457
2.88000000  40.72935114  14.14213581   0.04531805 -14.11066457  40.72935114  14.14213581   0.18658205 -14.11066457
2.89000000  40.87077250  14.14213581  -0.09627909 -14.20876457  40.87077250  14.14213581   0.04547541 -14.20876457
2.90000000  41.01219386  14.14213581  -0.23885724 -14.30686457  41.01219386  14.14213581  -0.09661224 -14.30686457
